image_width: 640
image_height: 480
camera_name: head_camera
camera_matrix:
  rows: 3
  cols: 3
  data: [601.2411623698185, 0, 346.1796047033233, 0, 601.6412380697012, 248.3704510908645, 0, 0, 1]
distortion_model: plumb_bob
distortion_coefficients:
  rows: 1
  cols: 5
  data: [0.02008259616344503, 0.02537830048197813, 0.006321790481821545, 0.01333964806731871, 0]
rectification_matrix:
  rows: 3
  cols: 3
  data: [1, 0, 0, 0, 1, 0, 0, 0, 1]
projection_matrix:
  rows: 3
  cols: 4
  data: [608.4729614257812, 0, 352.5336042208364, 0, 0, 614.2425537109375, 250.2764177347672, 0, 0, 0, 1, 0]