image_width: 640
image_height: 480
camera_name: head_camera
camera_matrix:
  rows: 3
  cols: 3
  data: [751.3319212138489, 0, 277.6734028889414, 0, 754.7243712769949, 140.1610135917938, 0, 0, 1]
distortion_model: plumb_bob
distortion_coefficients:
  rows: 1
  cols: 5
  data: [-0.02838544033573214, -0.02891859003958113, -0.02977832000217415, -0.007584747302218626, 0]
rectification_matrix:
  rows: 3
  cols: 3
  data: [1, 0, 0, 0, 1, 0, 0, 0, 1]
projection_matrix:
  rows: 3
  cols: 4
  data: [750.1084594726562, 0, 273.3536728654799, 0, 0, 733.9236450195312, 131.2588282119941, 0, 0, 0, 1, 0]